100
78 23
2 31
40 7
53 3
50 51
76 58
46 43
44 19
35 70
90 16
57 99
92 26
98 12
55 37
45 25
8 67
46 48
30 66
12 35
9 68
97 98
69 79
30 76
33 28
5 50
72 87
79 83
19 54
99 20
27 30
28 40
50 29
36 69
15 63
55 81
98 6
60 96
79 85
99 33
95 65
89 14
10 5
97 34
28 32
88 73
72 15
55 62
64 82
18 13
20 93
72 80
74 0
10 94
94 92
93 74
86 41
18 39
80 4
7 18
99 42
7 86
61 1
6 97
17 72
28 60
92 46
19 44
22 47
3 89
82 59
6 91
61 77
15 17
21 61
42 55
11 84
58 21
73 64
5 90
67 11
36 24
48 36
21 10
45 38
84 49
47 88
44 8
59 78
62 57
80 53
56 56
29 27
87 45
24 52
79 2
86 71