  0   0   0   0   0   0   0   0   0   0   0   0   0   0   0   0   0   0   0   0   0   0   0   0   0 
  0   0   0   0   0 120 120 120 120 120 120 120 120 120 120 120 120 120 120 120 120 120 120 120 120 
  0   0   0   0  75 120 120 120 120 195 195 195 195 195 195 195 195 195 195 195 195 195 195 195 195 
  0   0   0   0  75 120 120 120 120 195 200 200 200 200 275 320 320 320 320 395 395 395 395 395 395 
  0  20  20  20  75 120 140 140 140 195 215 220 220 220 275 320 340 340 340 395 415 415 415 415 415 
  0  20  20  20  75 120 140 140 140 195 215 220 220 220 275 320 340 340 340 395 415 415 415 415 415 
  0  20  45  65  75 120 140 165 185 195 215 240 260 265 275 320 340 365 385 395 415 440 460 460 460 
  0  20  45  65  75 120 140 165 185 195 215 240 260 265 275 320 340 365 385 395 415 440 460 460 460 
  0  20  45  65  75 120 140 165 185 195 215 240 260 265 290 320 340 365 385 395 415 440 460 465 490 
  0  20  45  65  75 120 140 165 185 195 215 240 260 265 290 320 340 365 385 395 415 440 460 465 490 
  0  20  50  70  95 120 140 170 190 215 235 245 265 290 310 320 340 370 390 415 435 445 465 490 510 
  0  60  80 110 130 155 180 200 230 250 275 295 305 325 350 370 380 400 430 450 475 495 505 525 550 
  0  60  80 185 245 265 295 315 340 365 385 415 435 460 480 490 510 535 555 565 585 615 635 660 680 


Package 12 with Weight = 3 and Value = 185
Package 11 with Weight = 1 and Value = 60
Package 10 with Weight = 2 and Value = 50
Package 6 with Weight = 2 and Value = 45
Package 4 with Weight = 1 and Value = 20
Package 3 with Weight = 10 and Value = 200
Package 1 with Weight = 5 and Value = 120
  0 
